# Blender v2.90.1 OBJ File: ''
# www.blender.org
mtllib four_shapes.mtl
o Cube
v 1.141835 -0.416185 1.384765
v 1.249084 -0.521884 0.802317
v 0.942611 0.008833 1.270951
v 1.049860 -0.096866 0.688504
v 1.827915 -0.077232 1.449585
v 1.935164 -0.182930 0.867138
v 1.628691 0.347786 1.335772
v 1.735940 0.242088 0.753324
vt 0.625000 0.500000
vt 0.875000 0.500000
vt 0.875000 0.750000
vt 0.625000 0.750000
vt 0.375000 0.750000
vt 0.625000 1.000000
vt 0.375000 1.000000
vt 0.375000 0.000000
vt 0.625000 0.000000
vt 0.625000 0.250000
vt 0.375000 0.250000
vt 0.125000 0.500000
vt 0.375000 0.500000
vt 0.125000 0.750000
vn -0.1783 0.1757 0.9682
vn -0.4125 0.8800 -0.2356
vn 0.8934 0.4414 0.0844
vn 0.1783 -0.1757 -0.9682
vn -0.8934 -0.4414 -0.0844
vn 0.4125 -0.8800 0.2356
usemtl Material
s off
f 1/1/1 5/2/1 7/3/1 3/4/1
f 4/5/2 3/4/2 7/6/2 8/7/2
f 8/8/3 7/9/3 5/10/3 6/11/3
f 6/12/4 2/13/4 4/5/4 8/14/4
f 2/13/5 1/1/5 3/4/5 4/5/5
f 6/11/6 5/10/6 1/1/6 2/13/6
o Cube.2_Cube.001
v -4.388533 -2.008977 1.169766
v -4.635271 -0.850263 1.096224
v -4.828930 -2.131330 0.719554
v -5.075668 -0.972616 0.646013
v -3.830454 -1.926215 0.601361
v -4.077192 -0.767501 0.527820
v -4.270851 -2.048568 0.151150
v -4.517590 -0.889854 0.077608
vt 0.625000 0.500000
vt 0.625000 0.750000
vt 0.875000 0.750000
vt 0.875000 0.500000
vt 0.375000 0.750000
vt 0.375000 1.000000
vt 0.625000 1.000000
vt 0.375000 0.000000
vt 0.375000 0.250000
vt 0.625000 0.250000
vt 0.625000 0.000000
vt 0.125000 0.500000
vt 0.125000 0.750000
vt 0.375000 0.500000
vn 0.2079 -0.9762 0.0620
vn -0.6864 -0.1907 -0.7017
vn 0.6968 0.1033 -0.7097
vn -0.2079 0.9762 -0.0620
vn -0.6968 -0.1033 0.7097
vn 0.6864 0.1907 0.7017
usemtl Material.001
s off
f 9/15/7 11/16/7 15/17/7 13/18/7
f 12/19/8 16/20/8 15/21/8 11/16/8
f 16/22/9 14/23/9 13/24/9 15/25/9
f 14/26/10 16/27/10 12/19/10 10/28/10
f 10/28/11 12/19/11 11/16/11 9/15/11
f 14/23/12 10/28/12 9/15/12 13/24/12
o Cube.001_Cube.002
v 1.109957 -0.442952 -1.117269
v 1.227148 -0.558450 -1.753711
v 0.725577 0.247607 -1.197438
v 0.744615 0.470971 -2.029375
v 1.827550 0.626854 -1.024299
v 1.891586 0.487597 -1.511105
v 1.650627 1.091975 -1.296261
v 1.975919 0.704589 -2.068692
v 2.250352 -0.052942 -1.657039
v 1.767819 0.976478 -1.932703
v 1.650627 1.091975 -1.296261
v 2.133161 0.062555 -1.020597
v 0.627423 0.586468 -1.392933
v 1.109957 -0.442952 -1.117269
vt 0.625000 0.500000
vt 0.875000 0.500000
vt 0.875000 0.750000
vt 0.625000 0.750000
vt 0.375000 0.750000
vt 0.625000 0.750000
vt 0.625000 1.000000
vt 0.375000 1.000000
vt 0.375000 0.000000
vt 0.625000 0.000000
vt 0.625000 0.250000
vt 0.375000 0.250000
vt 0.125000 0.500000
vt 0.375000 0.500000
vt 0.125000 0.750000
vt 0.625000 0.500000
vt 0.375000 0.250000
vt 0.625000 0.250000
vt 0.375000 0.000000
vt 0.625000 0.000000
vt 0.875000 0.750000
vt 0.875000 0.500000
vn -0.2151 0.1875 0.9584
vn -0.4125 0.8800 -0.2356
vn 0.9353 0.3173 0.1565
vn 0.1783 -0.1757 -0.9682
vn -0.8934 -0.4414 -0.0844
vn 0.4125 -0.8800 0.2356
vn 0.8399 0.4604 0.2873
vn 0.8030 0.5946 0.0400
vn 0.8580 0.5131 0.0221
vn -0.2867 0.4151 0.8634
vn -0.7614 -0.4750 -0.4411
vn -0.0768 -0.0351 0.9964
usemtl Material.002
s off
f 17/29/13 21/30/13 23/31/13 19/32/13
f 20/33/14 29/34/14 27/35/14 26/36/14
f 24/37/15 23/38/15 21/39/15 22/40/15
f 25/41/16 18/42/16 20/33/16 26/43/16
f 18/42/17 30/44/17 29/34/17 20/33/17
f 25/45/18 28/46/18 30/44/18 18/42/18
f 24/37/19 22/40/19 25/45/19 26/47/19
f 23/38/20 24/37/20 26/47/20 27/48/20
f 22/40/21 21/39/21 28/46/21 25/45/21
f 19/32/22 23/31/22 27/49/22 29/34/22
f 17/29/23 19/32/23 29/34/23 30/44/23
f 21/30/24 17/29/24 30/44/24 28/50/24
o Cube.003
v -2.367002 -0.210139 -1.073552
v -2.052600 1.063755 -1.267243
v -2.656425 -0.101344 -0.569350
v -2.352953 1.516951 -1.001533
v -1.634214 -0.330633 -0.710135
v -1.330742 1.287662 -1.142318
v -2.071910 0.228163 -0.777529
v -1.834650 0.935056 -0.763170
vt 0.625000 0.500000
vt 0.875000 0.500000
vt 0.875000 0.750000
vt 0.625000 0.750000
vt 0.375000 0.750000
vt 0.625000 1.000000
vt 0.375000 1.000000
vt 0.375000 0.000000
vt 0.625000 0.000000
vt 0.625000 0.250000
vt 0.375000 0.250000
vt 0.125000 0.500000
vt 0.375000 0.500000
vt 0.125000 0.750000
vn -0.0099 -0.5551 0.8318
vn 0.0129 0.1739 0.9847
vn 0.3310 0.0918 0.9391
vn 0.2354 0.9612 0.1436
vn -0.7819 0.0323 -0.6226
vn 0.3237 -0.2657 -0.9081
usemtl Material.003
s off
f 31/51/25 35/52/25 37/53/25 33/54/25
f 34/55/26 33/54/26 37/56/26 38/57/26
f 38/58/27 37/59/27 35/60/27 36/61/27
f 36/62/28 32/63/28 34/55/28 38/64/28
f 32/63/29 31/51/29 33/54/29 34/55/29
f 36/61/30 35/60/30 31/51/30 32/63/30
