# Blender v2.90.1 OBJ File: ''
# www.blender.org
mtllib two_shapes.mtl
o Cube
v 1.141835 -0.416185 1.384765
v 1.249084 -0.521884 0.802317
v 0.942611 0.008833 1.270951
v 1.049860 -0.096866 0.688504
v 1.827915 -0.077232 1.449585
v 1.935164 -0.182930 0.867138
v 1.628691 0.347786 1.335772
v 1.735940 0.242088 0.753324
vt 0.625000 0.500000
vt 0.875000 0.500000
vt 0.875000 0.750000
vt 0.625000 0.750000
vt 0.375000 0.750000
vt 0.625000 1.000000
vt 0.375000 1.000000
vt 0.375000 0.000000
vt 0.625000 0.000000
vt 0.625000 0.250000
vt 0.375000 0.250000
vt 0.125000 0.500000
vt 0.375000 0.500000
vt 0.125000 0.750000
vn -0.1783 0.1757 0.9682
vn -0.4125 0.8800 -0.2356
vn 0.8934 0.4414 0.0844
vn 0.1783 -0.1757 -0.9682
vn -0.8934 -0.4414 -0.0844
vn 0.4125 -0.8800 0.2356
usemtl Material
s off
f 1/1/1 5/2/1 7/3/1 3/4/1
f 4/5/2 3/4/2 7/6/2 8/7/2
f 8/8/3 7/9/3 5/10/3 6/11/3
f 6/12/4 2/13/4 4/5/4 8/14/4
f 2/13/5 1/1/5 3/4/5 4/5/5
f 6/11/6 5/10/6 1/1/6 2/13/6
o Cube.2_Cube.001
v -4.388533 -2.008977 1.169766
v -4.635271 -0.850263 1.096224
v -4.828930 -2.131330 0.719554
v -5.075668 -0.972616 0.646013
v -3.830454 -1.926215 0.601361
v -4.077192 -0.767501 0.527820
v -4.270851 -2.048568 0.151150
v -4.517590 -0.889854 0.077608
vt 0.625000 0.500000
vt 0.625000 0.750000
vt 0.875000 0.750000
vt 0.875000 0.500000
vt 0.375000 0.750000
vt 0.375000 1.000000
vt 0.625000 1.000000
vt 0.375000 0.000000
vt 0.375000 0.250000
vt 0.625000 0.250000
vt 0.625000 0.000000
vt 0.125000 0.500000
vt 0.125000 0.750000
vt 0.375000 0.500000
vn 0.2079 -0.9762 0.0620
vn -0.6864 -0.1907 -0.7017
vn 0.6968 0.1033 -0.7097
vn -0.2079 0.9762 -0.0620
vn -0.6968 -0.1033 0.7097
vn 0.6864 0.1907 0.7017
usemtl Material.001
s off
f 9/15/7 11/16/7 15/17/7 13/18/7
f 12/19/8 16/20/8 15/21/8 11/16/8
f 16/22/9 14/23/9 13/24/9 15/25/9
f 14/26/10 16/27/10 12/19/10 10/28/10
f 10/28/11 12/19/11 11/16/11 9/15/11
f 14/23/12 10/28/12 9/15/12 13/24/12
